-0.13192234933376312 -0.10737866163253784 -0.16873788833618164 -0.03988350182771683 0.13038836419582367 
-0.13192234933376312 -0.10737866163253784 -0.16873788833618164 -0.03834952041506767 0.13038836419582367 
-0.13192234933376312 -0.10737866163253784 -0.16873788833618164 -0.03988350182771683 0.13038836419582367 
-0.13192234933376312 -0.1089126393198967 -0.17180585861206055 -0.03988350182771683 0.13038836419582367 
-0.13192234933376312 -0.10737866163253784 -0.1764077991247177 -0.03988350182771683 0.13038836419582367 
-0.13192234933376312 -0.10737866163253784 -0.18100973963737488 -0.03834952041506767 0.1288543939590454 
-0.13192234933376312 -0.1089126393198967 -0.1871456652879715 -0.03681553900241852 0.1288543939590454 
-0.13192234933376312 -0.10737866163253784 -0.19174760580062866 -0.03221359848976135 0.1288543939590454 
-0.13192234933376312 -0.10737866163253784 -0.19634954631328583 -0.02761165425181389 0.1288543939590454 
-0.13192234933376312 -0.1089126393198967 -0.2040194571018219 -0.02147573232650757 0.1288543939590454 
-0.13192234933376312 -0.1089126393198967 -0.21475732326507568 -0.016873789951205254 0.1288543939590454 
-0.13192234933376312 -0.11351457983255386 -0.22702915966510773 -0.00920388475060463 0.1288543939590454 
-0.13038836419582367 -0.11811652034521103 -0.2377670258283615 -0.003067961661145091 0.1288543939590454 
-0.13038836419582367 -0.1257864236831665 -0.2485048919916153 0.004601942375302315 0.1288543939590454 
-0.1288543939590454 -0.13345633447170258 -0.2592427730560303 0.013805827125906944 0.1288543939590454 
-0.13038836419582367 -0.1395922601222992 -0.26998063921928406 0.02147573232650757 0.1288543939590454 
-0.1288543939590454 -0.14419420063495636 -0.2822524607181549 0.029145635664463043 0.1288543939590454 
-0.1288543939590454 -0.15186409652233124 -0.2914563715457916 0.03681553900241852 0.12732040882110596 
-0.12732040882110596 -0.15800002217292786 -0.3037281930446625 0.04448544234037399 0.12732040882110596 
-0.1257864236831665 -0.16413594782352448 -0.31446605920791626 0.052155349403619766 0.1257864236831665 
-0.1257864236831665 -0.1702718734741211 -0.32520392537117004 0.058291271328926086 0.1257864236831665 
-0.1257864236831665 -0.1764077991247177 -0.3344078063964844 0.06596117466688156 0.1257864236831665 
-0.12425244599580765 -0.18254372477531433 -0.34514567255973816 0.07363107800483704 0.1257864236831665 
-0.12425244599580765 -0.1871456652879715 -0.3574175238609314 0.07976700365543365 0.12425244599580765 
-0.12271846830844879 -0.19481556117534637 -0.36968937516212463 0.09050486981868744 0.12118448317050934 
-0.12118448317050934 -0.21015536785125732 -0.39576706290245056 0.1089126393198967 0.11811652034521103 
-0.12118448317050934 -0.2208932340145111 -0.41724279522895813 0.12271846830844879 0.11658254265785217 
-0.12118448317050934 -0.22702915966510773 -0.4279806613922119 0.12732040882110596 0.11351457983255386 
-0.12271846830844879 -0.23009712994098663 -0.4356505572795868 0.1288543939590454 0.1089126393198967 
-0.12425244599580765 -0.2316311001777649 -0.44025251269340515 0.12118448317050934 0.10431069880723953 
-0.12732040882110596 -0.2316311001777649 -0.4417864680290222 0.1089126393198967 0.09817477315664291 
-0.13038836419582367 -0.2316311001777649 -0.4448544383049011 0.08897088468074799 0.08897088468074799 
-0.13345633447170258 -0.2316311001777649 -0.4448544383049011 0.06289321184158325 0.08130098134279251 
-0.14112623035907745 -0.2316311001777649 -0.4448544383049011 0.02454369328916073 0.06749515980482101 
-0.14879614114761353 -0.2316311001777649 -0.4448544383049011 -0.013805827125906944 0.05522330850362778 
-0.15800002217292786 -0.2316311001777649 -0.4448544383049011 -0.05982525274157524 0.03988350182771683 
-0.1702718734741211 -0.22702915966510773 -0.4448544383049011 -0.11044661700725555 0.023009711876511574 
-0.1840776950120926 -0.21935926377773285 -0.44025251269340515 -0.16413594782352448 0.006135923322290182 
-0.19634954631328583 -0.21015536785125732 -0.4325825870037079 -0.2178252786397934 -0.012271846644580364 
-0.21015536785125732 -0.2040194571018219 -0.4218447208404541 -0.2715145945549011 -0.029145635664463043 
-0.22396120429039001 -0.19788353145122528 -0.40957286953926086 -0.3267379105091095 -0.04601942375302315 
-0.23623304069042206 -0.1902136206626892 -0.3988350033760071 -0.3804272413253784 -0.06289321184158325 
-0.24697090685367584 -0.18254372477531433 -0.3880971372127533 -0.43411657214164734 -0.08130098134279251 
-0.2592427730560303 -0.17487381398677826 -0.3773592710494995 -0.4893398880958557 -0.09817477315664291 
-0.26998063921928406 -0.1672039031982422 -0.3666214048862457 -0.5445631742477417 -0.11658254265785217 
-0.28071850538253784 -0.16106799244880676 -0.35588353872299194 -0.598252534866333 -0.13345633447170258 
-0.2914563715457916 -0.1533980816602707 -0.34514567255973816 -0.6519418358802795 -0.1533980816602707 
-0.3037281930446625 -0.14419420063495636 -0.33594179153442383 -0.7071651816368103 -0.1702718734741211 
-0.3160000443458557 -0.1365242898464203 -0.3267379105091095 -0.7639224529266357 -0.18867963552474976 
-0.32827189564704895 -0.1288543939590454 -0.3160000443458557 -0.8176117539405823 -0.2040194571018219 
-0.374291330575943 -0.10124273598194122 -0.2761165499687195 -1.0154953002929688 -0.2715145945549011 
-0.38196122646331787 -0.09664079546928406 -0.26998063921928406 -1.0492428541183472 -0.2822524607181549 
-0.39576706290245056 -0.08743690699338913 -0.26077672839164734 -1.06918466091156 -0.3037281930446625 
-0.40650492906570435 -0.07976700365543365 -0.251572847366333 -1.072252631187439 -0.3190680146217346 
-0.4187767803668976 -0.07209710031747818 -0.24236896634101868 -1.072252631187439 -0.33594179153442383 
-0.42644667625427246 -0.06596117466688156 -0.23930101096630096 -1.072252631187439 -0.34821364283561707 
-0.43411657214164734 -0.05982525274157524 -0.23930101096630096 -1.072252631187439 -0.3574175238609314 
-0.44025251269340515 -0.05368933081626892 -0.23930101096630096 -1.0737866163253784 -0.36508744955062866 
-0.4463884234428406 -0.04601942375302315 -0.23930101096630096 -1.0737866163253784 -0.37275734543800354 
-0.45099037885665894 -0.03988350182771683 -0.23930101096630096 -1.0737866163253784 -0.3773592710494995 
-0.45405831933021545 -0.03528155758976936 -0.23930101096630096 -1.0753206014633179 -0.3834952116012573 
-0.45712628960609436 -0.030679617077112198 -0.23930101096630096 -1.0737866163253784 -0.38656318187713623 
-0.45712628960609436 -0.026077674701809883 -0.24236896634101868 -1.0737866163253784 -0.3880971372127533 
-0.45712628960609436 -0.02147573232650757 -0.2485048919916153 -1.0737866163253784 -0.3880971372127533 
-0.45712628960609436 -0.016873789951205254 -0.2592427730560303 -1.0737866163253784 -0.3880971372127533 
-0.45712628960609436 -0.010737866163253784 -0.2684466540813446 -1.0737866163253784 -0.38963112235069275 
-0.45712628960609436 -0.006135923322290182 -0.2761165499687195 -1.0737866163253784 -0.3911651074886322 
-0.4586602747440338 -0.0015339808305725455 -0.2822524607181549 -1.0737866163253784 -0.39269909262657166 
-0.46019425988197327 0.003067961661145091 -0.2899223864078522 -1.0737866163253784 -0.3942330777645111 
-0.46019425988197327 0.0076699042692780495 -0.2991262674331665 -1.0737866163253784 -0.3942330777645111 
-0.46019425988197327 0.012271846644580364 -0.3067961633205414 -1.0737866163253784 -0.39576706290245056 
-0.46172821521759033 0.016873789951205254 -0.3160000443458557 -1.0737866163253784 -0.39576706290245056 
-0.46172821521759033 0.023009711876511574 -0.323669970035553 -1.0737866163253784 -0.39576706290245056 
-0.46172821521759033 0.026077674701809883 -0.33133986592292786 -1.0737866163253784 -0.39730104804039 
-0.4632622003555298 0.03221359848976135 -0.3405437469482422 -1.0737866163253784 -0.3988350033760071 
-0.46479618549346924 0.04295146465301514 -0.35895150899887085 -1.0737866163253784 -0.40343695878982544 
-0.4663301706314087 0.05368933081626892 -0.37582531571388245 -1.0737866163253784 -0.4080389142036438 
-0.46786415576934814 0.058291271328926086 -0.3850291967391968 -1.0737866163253784 -0.4080389142036438 
-0.46786415576934814 0.061359234154224396 -0.3911651074886322 -1.0768545866012573 -0.4080389142036438 
-0.4693981409072876 0.06289321184158325 -0.3942330777645111 -1.0829904079437256 -0.40957286953926086 
-0.4693981409072876 0.06289321184158325 -0.3942330777645111 -1.0891263484954834 -0.4111068546772003 
-0.4693981409072876 0.06289321184158325 -0.3942330777645111 -1.0952622890472412 -0.41264083981513977 
-0.47093212604522705 0.06289321184158325 -0.3942330777645111 -1.104466199874878 -0.41264083981513977 
-0.47093212604522705 0.06289321184158325 -0.3942330777645111 -1.1167380809783936 -0.4141748249530792 
-0.4724660813808441 0.06289321184158325 -0.3942330777645111 -1.1290098428726196 -0.4141748249530792 
-0.4724660813808441 0.06289321184158325 -0.38963112235069275 -1.1458836793899536 -0.4157088100910187 
-0.47400006651878357 0.061359234154224396 -0.37889325618743896 -1.164291501045227 -0.4157088100910187 
-0.47400006651878357 0.058291271328926086 -0.3666214048862457 -1.1811652183532715 -0.4157088100910187 
-0.47400006651878357 0.05522330850362778 -0.3543495833873749 -1.193437099456787 -0.41724279522895813 
-0.47400006651878357 0.0475534051656723 -0.34207773208618164 -1.2133787870407104 -0.4157088100910187 
-0.47400006651878357 0.03988350182771683 -0.3298058807849884 -1.2333205938339233 -0.41724279522895813 
-0.47400006651878357 0.03528155758976936 -0.3190680146217346 -1.2517284154891968 -0.41724279522895813 
-0.475534051656723 0.030679617077112198 -0.3067961633205414 -1.2686021327972412 -0.41724279522895813 
-0.475534051656723 0.023009711876511574 -0.2914563715457916 -1.2900779247283936 -0.41724279522895813 
-0.475534051656723 0.01840776950120926 -0.2791845202445984 -1.3084856271743774 -0.41724279522895813 
-0.475534051656723 0.012271846644580364 -0.26691266894340515 -1.3253594636917114 -0.41724279522895813 
-0.4770680367946625 0.006135923322290182 -0.25310683250427246 -1.3422331809997559 -0.41724279522895813 
-0.4770680367946625 0.0 -0.24083499610424042 -1.3591070175170898 -0.41724279522895813 
-0.4770680367946625 -0.006135923322290182 -0.23009712994098663 -1.3775148391723633 -0.41724279522895813 
-0.475534051656723 -0.010737866163253784 -0.21935926377773285 -1.3913205862045288 -0.41724279522895813 
-0.4770680367946625 -0.026077674701809883 -0.18561168015003204 -1.4388740062713623 -0.4187767803668976 
-0.47860202193260193 -0.03988350182771683 -0.16106799244880676 -1.4848934412002563 -0.4187767803668976 
-0.48166999220848083 -0.04448544234037399 -0.15033012628555298 -1.5079030990600586 -0.4187767803668976 
-0.48473793268203735 -0.05062136799097061 -0.1365242898464203 -1.5140390396118164 -0.42031073570251465 
-0.48780590295791626 -0.05368933081626892 -0.12425244599580765 -1.5140390396118164 -0.424912691116333 
-0.4970097839832306 -0.05522330850362778 -0.11351457983255386 -1.5140390396118164 -0.4387185275554657 
-0.5077476501464844 -0.05522330850362778 -0.10584467649459839 -1.5155730247497559 -0.45405831933021545 
-0.5215534567832947 -0.05522330850362778 -0.09970875084400177 -1.5155730247497559 -0.4693981409072876 
-0.5399612784385681 -0.05522330850362778 -0.09050486981868744 -1.5155730247497559 -0.48780590295791626 
-0.5599030256271362 -0.05522330850362778 -0.08590292930603027 -1.5155730247497559 -0.5092816352844238 
-0.5829127430915833 -0.05522330850362778 -0.08130098134279251 -1.5171070098876953 -0.5322913527488708 
-0.6089903712272644 -0.05368933081626892 -0.0782330259680748 -1.5155730247497559 -0.5583690404891968 
-0.6381360292434692 -0.052155349403619766 -0.07516506314277649 -1.5155730247497559 -0.5859806537628174 
-0.6688156127929688 -0.04601942375302315 -0.06902913749217987 -1.5171070098876953 -0.6151263117790222 
-0.6979612708091736 -0.03834952041506767 -0.06749515980482101 -1.5155730247497559 -0.6412039995193481 
-0.7286409139633179 -0.03221359848976135 -0.06749515980482101 -1.5155730247497559 -0.6688156127929688 
-0.7593204975128174 -0.02761165425181389 -0.06596117466688156 -1.5171070098876953 -0.6964272856712341 
-0.7915341258049011 -0.02147573232650757 -0.058291271328926086 -1.5155730247497559 -0.7240389585494995 
-0.8237476944923401 -0.015339808538556099 -0.052155349403619766 -1.5155730247497559 -0.7516506314277649 
-0.8513593673706055 -0.010737866163253784 -0.04908738657832146 -1.5155730247497559 -0.7792622447013855 
-0.8774370551109314 -0.003067961661145091 -0.04601942375302315 -1.5155730247497559 -0.8068739175796509 
-0.9035146832466125 0.0015339808305725455 -0.04448544234037399 -1.5155730247497559 -0.8360195755958557 
-0.9311263561248779 0.0076699042692780495 -0.04295146465301514 -1.5155730247497559 -0.8636311888694763 
-0.9602720141410828 0.013805827125906944 -0.03834952041506767 -1.5155730247497559 -0.8912428617477417 
-0.9863497018814087 0.01840776950120926 -0.03374757990241051 -1.5155730247497559 -0.9173205494880676 
-1.0829904079437256 0.03988350182771683 -0.026077674701809883 -1.5155730247497559 -1.0108933448791504 
-1.1090681552886963 0.04448544234037399 -0.02454369328916073 -1.5155730247497559 -1.0339031219482422 
-1.1428157091140747 0.05368933081626892 -0.016873789951205254 -1.5155730247497559 -1.0645827054977417 
-1.1704273223876953 0.058291271328926086 -0.013805827125906944 -1.512505054473877 -1.087592363357544 
-1.193437099456787 0.06289321184158325 -0.012271846644580364 -1.5079030990600586 -1.1075341701507568 
-1.21491277217865 0.06902913749217987 -0.012271846644580364 -1.5048352479934692 -1.1244080066680908 
-1.2394565343856812 0.07363107800483704 -0.012271846644580364 -1.4986993074417114 -1.1397477388381958 
-1.2563302516937256 0.07976700365543365 -0.012271846644580364 -1.4925633668899536 -1.1550875902175903 
-1.2670681476593018 0.08283496648073196 -0.012271846644580364 -1.483359456062317 -1.1627575159072876 
-1.2732040882110596 0.08743690699338913 -0.013805827125906944 -1.4726215600967407 -1.1734952926635742 
-1.277806043624878 0.0920388475060463 -0.019941750913858414 -1.4603497982025146 -1.179631233215332 
-1.277806043624878 0.09664079546928406 -0.029145635664463043 -1.448077917098999 -1.1811652183532715 
-1.277806043624878 0.10124273598194122 -0.03988350182771683 -1.434272050857544 -1.1842331886291504 
-1.277806043624878 0.10277671366930008 -0.04908738657832146 -1.4250681400299072 -1.1888351440429688 
-1.2808740139007568 0.10737866163253784 -0.05982525274157524 -1.4143303632736206 -1.1919031143188477 
-1.2808740139007568 0.11044661700725555 -0.06749515980482101 -1.4035924673080444 -1.193437099456787 
-1.2808740139007568 0.11658254265785217 -0.08130098134279251 -1.38825261592865 -1.196505069732666 
-1.2824079990386963 0.12118448317050934 -0.0951068103313446 -1.372912883758545 -1.2011070251464844 
-1.2824079990386963 0.12425244599580765 -0.10584467649459839 -1.3606410026550293 -1.2026410102844238 
-1.2854759693145752 0.1288543939590454 -0.11811652034521103 -1.3437671661376953 -1.2057089805603027 
-1.2870099544525146 0.13345633447170258 -0.1288543939590454 -1.3314954042434692 -1.2072429656982422 
-1.288543939590454 0.13805827498435974 -0.14112623035907745 -1.3192235231399536 -1.211844801902771 
-1.291611909866333 0.1426602154970169 -0.15186409652233124 -1.306951642036438 -1.21491277217865 
-1.291611909866333 0.1457281857728958 -0.1595340073108673 -1.2931458950042725 -1.2195147275924683 
-1.2931458950042725 0.14879614114761353 -0.17180585861206055 -1.2793400287628174 -1.2195147275924683 
-1.2992817163467407 0.16260196268558502 -0.20862139761447906 -1.2348545789718628 -1.2271846532821655 
-1.3023496866226196 0.16413594782352448 -0.21935926377773285 -1.2241166830062866 -1.228718638420105 
-1.3054176568984985 0.1672039031982422 -0.23009712994098663 -1.211844801902771 -1.2302526235580444 
-1.306951642036438 0.17180585861206055 -0.23930101096630096 -1.2026410102844238 -1.2348545789718628 
-1.3084856271743774 0.17180585861206055 -0.24390295147895813 -1.196505069732666 -1.2379225492477417 
-1.310019612312317 0.17180585861206055 -0.24543693661689758 -1.193437099456787 -1.2409905195236206 
-1.3115535974502563 0.1702718734741211 -0.24543693661689758 -1.193437099456787 -1.24252450466156 
-1.3130875825881958 0.17180585861206055 -0.24697090685367584 -1.193437099456787 -1.24252450466156 
-1.3146215677261353 0.17180585861206055 -0.24543693661689758 -1.1980390548706055 -1.245592474937439 
-1.3161555528640747 0.17180585861206055 -0.24543693661689758 -1.2041749954223633 -1.2471264600753784 
-1.3161555528640747 0.17180585861206055 -0.24543693661689758 -1.2133787870407104 -1.2486604452133179 
-1.3161555528640747 0.1702718734741211 -0.24236896634101868 -1.225650668144226 -1.2486604452133179 
-1.3176895380020142 0.1672039031982422 -0.2346990704536438 -1.2379225492477417 -1.2486604452133179 
-1.3176895380020142 0.16260196268558502 -0.2208932340145111 -1.2547962665557861 -1.2501944303512573 
-1.3176895380020142 0.1564660519361496 -0.20862139761447906 -1.2655341625213623 -1.2501944303512573 
-1.3192235231399536 0.14879614114761353 -0.19788353145122528 -1.2793400287628174 -1.2501944303512573 
-1.3192235231399536 0.14112623035907745 -0.1871456652879715 -1.2931458950042725 -1.2501944303512573 
-1.3192235231399536 0.13499031960964203 -0.1764077991247177 -1.306951642036438 -1.2501944303512573 
-1.3192235231399536 0.1288543939590454 -0.16566993296146393 -1.320757508277893 -1.2501944303512573 
-1.3192235231399536 0.12271846830844879 -0.1564660519361496 -1.3314954042434692 -1.2501944303512573 
-1.3192235231399536 0.11504856497049332 -0.14419420063495636 -1.3453011512756348 -1.2501944303512573 
-1.3192235231399536 0.11044661700725555 -0.13192234933376312 -1.3575730323791504 -1.2501944303512573 
-1.3192235231399536 0.10277671366930008 -0.12118448317050934 -1.3713788986206055 -1.2501944303512573 
-1.320757508277893 0.0951068103313446 -0.11044661700725555 -1.385184645652771 -1.2501944303512573 
-1.320757508277893 0.08897088468074799 -0.09970875084400177 -1.3974565267562866 -1.2501944303512573 
-1.320757508277893 0.07209710031747818 -0.07363107800483704 -1.4281361103057861 -1.2501944303512573 
-1.3222914934158325 0.05675728991627693 -0.052155349403619766 -1.4572818279266357 -1.2501944303512573 
-1.3222914934158325 0.05062136799097061 -0.04295146465301514 -1.4695535898208618 -1.2501944303512573 
-1.3192235231399536 0.04141748324036598 -0.03681553900241852 -1.4787575006484985 -1.2501944303512573 
-1.3130875825881958 0.03528155758976936 -0.030679617077112198 -1.4910293817520142 -1.2471264600753784 
-1.2992817163467407 0.029145635664463043 -0.029145635664463043 -1.4956313371658325 -1.2394565343856812 
-1.2793400287628174 0.02454369328916073 -0.029145635664463043 -1.4986993074417114 -1.2225826978683472 
-1.260932207107544 0.019941750913858414 -0.029145635664463043 -1.5002332925796509 -1.2041749954223633 
-1.2210487127304077 0.013805827125906944 -0.02761165425181389 -1.5002332925796509 -1.1688933372497559 
-1.1750292778015137 0.00920388475060463 -0.029145635664463043 -1.5002332925796509 -1.1290098428726196 
-1.1198060512542725 0.004601942375302315 -0.029145635664463043 -1.4956313371658325 -1.0860583782196045 
-1.0599807500839233 0.0 -0.030679617077112198 -1.4910293817520142 -1.0339031219482422 
-0.9970875382423401 -0.006135923322290182 -0.04141748324036598 -1.483359456062317 -0.9817477464675903 
-0.9357283115386963 -0.00920388475060463 -0.052155349403619766 -1.477223515510559 -0.928058385848999 
-0.8713011145591736 -0.012271846644580364 -0.0644271969795227 -1.4726215600967407 -0.8743690848350525 
-0.8099418878555298 -0.015339808538556099 -0.07669904083013535 -1.4649516344070435 -0.8191457390785217 
-0.7531846165657043 -0.019941750913858414 -0.08897088468074799 -1.4572818279266357 -0.7669904232025146 
-0.6948933005332947 -0.026077674701809883 -0.10124273598194122 -1.451145887374878 -0.7102331519126892 
-0.6396700143814087 -0.030679617077112198 -0.11198060214519501 -1.4450099468231201 -0.6550098061561584 
-0.5859806537628174 -0.03681553900241852 -0.12425244599580765 -1.4388740062713623 -0.6013205051422119 
-0.5322913527488708 -0.04141748324036598 -0.1365242898464203 -1.431204080581665 -0.5476311445236206 
-0.4832039475440979 -0.04448544234037399 -0.14879614114761353 -1.4250681400299072 -0.49087387323379517 
-0.41724279522895813 -0.05062136799097061 -0.16106799244880676 -1.418932318687439 -0.424912691116333 
-0.37582531571388245 -0.05522330850362778 -0.1702718734741211 -1.4127963781356812 -0.3804272413253784 
-0.31139811873435974 -0.05982525274157524 -0.18561168015003204 -1.4051264524459839 -0.31446605920791626 
-0.18561168015003204 -0.06902913749217987 -0.21015536785125732 -1.3913205862045288 -0.1871456652879715 
-0.07516506314277649 -0.0782330259680748 -0.23316508531570435 -1.3790488243103027 -0.08743690699338913 
-0.004601942375302315 -0.08283496648073196 -0.2485048919916153 -1.3713788986206055 -0.02147573232650757 
0.0475534051656723 -0.08590292930603027 -0.2592427730560303 -1.3637089729309082 0.02761165425181389 
0.09050486981868744 -0.08743690699338913 -0.2715145945549011 -1.356039047241211 0.07209710031747818 
0.12732040882110596 -0.08897088468074799 -0.2791845202445984 -1.3514370918273926 0.11044661700725555 
0.16106799244880676 -0.08897088468074799 -0.28685441613197327 -1.3437671661376953 0.14419420063495636 
0.18867963552474976 -0.08897088468074799 -0.29452431201934814 -1.3360973596572876 0.1733398288488388 
0.21015536785125732 -0.08897088468074799 -0.3037281930446625 -1.3284274339675903 0.19634954631328583 
0.22702915966510773 -0.08897088468074799 -0.3098641335964203 -1.3222914934158325 0.21475732326507568 
0.23930101096630096 -0.08743690699338913 -0.3160000443458557 -1.3146215677261353 0.23009712994098663 
0.24390295147895813 -0.08436894416809082 -0.3206019997596741 -1.3054176568984985 0.23623304069042206 
0.2485048919916153 -0.0782330259680748 -0.32520392537117004 -1.2977477312088013 0.24083499610424042 
0.25310683250427246 -0.07056311517953873 -0.3298058807849884 -1.288543939590454 0.24543693661689758 
0.25617480278015137 -0.0644271969795227 -0.3344078063964844 -1.2824079990386963 0.25003886222839355 
0.26077672839164734 -0.05675728991627693 -0.33900976181030273 -1.2732040882110596 0.2546408176422119 
0.2653786838054657 -0.05062136799097061 -0.3436117172241211 -1.2655341625213623 0.2577087879180908 
0.2715145945549011 -0.04295146465301514 -0.34821364283561707 -1.257864236831665 0.26384469866752625 
0.2761165499687195 -0.03681553900241852 -0.35128161311149597 -1.2501944303512573 0.2684466540813446 
0.28378644585609436 -0.029145635664463043 -0.35588353872299194 -1.2394565343856812 0.27765053510665894 
0.2883884012699127 -0.023009711876511574 -0.3604854941368103 -1.2302526235580444 0.28071850538253784 
0.2929903268814087 -0.016873789951205254 -0.36508744955062866 -1.2225826978683472 0.28378644585609436 
0.2991262674331665 -0.0076699042692780495 -0.36968937516212463 -1.2133787870407104 0.2899223864078522 
0.30526217818260193 -0.0015339808305725455 -0.374291330575943 -1.2041749954223633 0.29452431201934814 
0.3098641335964203 0.004601942375302315 -0.37889325618743896 -1.196505069732666 0.30066025257110596 
0.3221359848976135 0.02147573232650757 -0.38963112235069275 -1.1780972480773926 0.30833014845848083 
0.3374757766723633 0.03528155758976936 -0.3988350033760071 -1.1612235307693481 0.31753402948379517 
0.34514567255973816 0.04141748324036598 -0.40343695878982544 -1.1550875902175903 0.3221359848976135 
0.35128161311149597 0.04601942375302315 -0.4049709439277649 -1.150485634803772 0.32520392537117004 
0.35895150899887085 0.05062136799097061 -0.40650492906570435 -1.147417664527893 0.32827189564704895 
0.36508744955062866 0.05062136799097061 -0.4080389142036438 -1.147417664527893 0.3298058807849884 
0.3681553900241852 0.052155349403619766 -0.4080389142036438 -1.147417664527893 0.3344078063964844 
0.3666214048862457 0.05062136799097061 -0.4080389142036438 -1.1489516496658325 0.33900976181030273 
0.36508744955062866 0.05062136799097061 -0.4080389142036438 -1.1535536050796509 0.34207773208618164 
0.36201947927474976 0.05062136799097061 -0.4080389142036438 -1.1581555604934692 0.3436117172241211 
0.36201947927474976 0.0475534051656723 -0.4080389142036438 -1.167359471321106 0.34514567255973816 
0.3604854941368103 0.04295146465301514 -0.4080389142036438 -1.179631233215332 0.3466796576976776 
0.36201947927474976 0.03374757990241051 -0.40650492906570435 -1.1903691291809082 0.3466796576976776 
0.36201947927474976 0.02454369328916073 -0.40343695878982544 -1.2026410102844238 0.3466796576976776 
0.3635534644126892 0.016873789951205254 -0.3942330777645111 -1.21491277217865 0.3466796576976776 
0.3635534644126892 0.0076699042692780495 -0.38656318187713623 -1.225650668144226 0.3466796576976776 
0.3635534644126892 -0.0015339808305725455 -0.37889325618743896 -1.2379225492477417 0.3466796576976776 
0.36508744955062866 -0.00920388475060463 -0.3712233603000641 -1.2501944303512573 0.3466796576976776 
0.36508744955062866 -0.01840776950120926 -0.3666214048862457 -1.260932207107544 0.3466796576976776 
0.36508744955062866 -0.026077674701809883 -0.36201947927474976 -1.2716701030731201 0.3466796576976776 
0.36508744955062866 -0.03528155758976936 -0.35588353872299194 -1.2839419841766357 0.3466796576976776 
0.36508744955062866 -0.04448544234037399 -0.34821364283561707 -1.2962137460708618 0.34821364283561707 
0.36508744955062866 -0.05522330850362778 -0.34207773208618164 -1.306951642036438 0.34821364283561707 
0.36508744955062866 -0.0644271969795227 -0.33594179153442383 -1.3176895380020142 0.34821364283561707 
0.3635534644126892 -0.07209710031747818 -0.3298058807849884 -1.3284274339675903 0.34821364283561707 
0.36508744955062866 -0.10277671366930008 -0.3098641335964203 -1.369844913482666 0.3497476279735565 
0.3635534644126892 -0.11351457983255386 -0.3037281930446625 -1.3790488243103027 0.35128161311149597 
0.36201947927474976 -0.12118448317050934 -0.2960582971572876 -1.3913205862045288 0.35128161311149597 
0.3604854941368103 -0.1288543939590454 -0.2883884012699127 -1.402058482170105 0.35128161311149597 
0.35588353872299194 -0.13345633447170258 -0.28378644585609436 -1.4112623929977417 0.35128161311149597 
0.3497476279735565 -0.1365242898464203 -0.27765053510665894 -1.418932318687439 0.35128161311149597 
0.33900976181030273 -0.1395922601222992 -0.2730485796928406 -1.4250681400299072 0.34821364283561707 
0.323669970035553 -0.14112623035907745 -0.2684466540813446 -1.4296700954437256 0.33900976181030273 
0.30066025257110596 -0.1395922601222992 -0.26384469866752625 -1.434272050857544 0.3221359848976135 
0.28378644585609436 -0.1395922601222992 -0.2592427730560303 -1.4373400211334229 0.3067961633205414 
0.25310683250427246 -0.14112623035907745 -0.25310683250427246 -1.4388740062713623 0.28378644585609436 
0.22396120429039001 -0.1395922601222992 -0.251572847366333 -1.4404079914093018 0.2592427730560303 
0.19481556117534637 -0.13805827498435974 -0.2485048919916153 -1.4419419765472412 0.2316311001777649 
0.16566993296146393 -0.1365242898464203 -0.24697090685367584 -1.4419419765472412 0.2040194571018219 
0.13499031960964203 -0.13192234933376312 -0.24236896634101868 -1.4434759616851807 0.1764077991247177 
0.09817477315664291 -0.1257864236831665 -0.23623304069042206 -1.4450099468231201 0.1426602154970169 
0.07056311517953873 -0.11965050548315048 -0.23316508531570435 -1.4450099468231201 0.11504856497049332 
0.04295146465301514 -0.11658254265785217 -0.2316311001777649 -1.4465439319610596 0.08897088468074799 
0.015339808538556099 -0.11044661700725555 -0.2316311001777649 -1.4465439319610596 0.05982525274157524 
-0.012271846644580364 -0.10584467649459839 -0.2316311001777649 -1.448077917098999 0.030679617077112198 
-0.03834952041506767 -0.10124273598194122 -0.23009712994098663 -1.4496119022369385 0.003067961661145091 
-0.06596117466688156 -0.0951068103313446 -0.2208932340145111 -1.451145887374878 -0.02454369328916073 
-0.0951068103313446 -0.09050486981868744 -0.21168935298919678 -1.4526798725128174 -0.052155349403619766 
-0.12425244599580765 -0.08590292930603027 -0.20862139761447906 -1.4526798725128174 -0.07976700365543365 
-0.1533980816602707 -0.08130098134279251 -0.2070874124765396 -1.4542138576507568 -0.10584467649459839 
-0.22396120429039001 -0.07056311517953873 -0.19941750168800354 -1.4557478427886963 -0.1733398288488388 
-0.2791845202445984 -0.061359234154224396 -0.19328159093856812 -1.4588158130645752 -0.23009712994098663 
-0.3067961633205414 -0.05522330850362778 -0.19328159093856812 -1.4588158130645752 -0.25617480278015137 
-0.3328738510608673 -0.05062136799097061 -0.19174760580062866 -1.4603497982025146 -0.28071850538253784 
-0.3574175238609314 -0.04295146465301514 -0.19174760580062866 -1.4572818279266357 -0.3021942377090454 
-0.3804272413253784 -0.03988350182771683 -0.19174760580062866 -1.4526798725128174 -0.3221359848976135 
-0.39730104804039 -0.03528155758976936 -0.19174760580062866 -1.4496119022369385 -0.3374757766723633 
-0.40957286953926086 -0.030679617077112198 -0.19174760580062866 -1.4419419765472412 -0.3528155982494354 
-0.42031073570251465 -0.02761165425181389 -0.19174760580062866 -1.434272050857544 -0.3635534644126892 
-0.42951464653015137 -0.023009711876511574 -0.19174760580062866 -1.4250681400299072 -0.3712233603000641 
-0.43718454241752625 -0.01840776950120926 -0.19174760580062866 -1.4173983335494995 -0.3773592710494995 
-0.4387185275554657 -0.015339808538556099 -0.19634954631328583 -1.4051264524459839 -0.3834952116012573 
-0.44025251269340515 -0.010737866163253784 -0.2040194571018219 -1.3928545713424683 -0.38656318187713623 
-0.44025251269340515 -0.0076699042692780495 -0.21629129350185394 -1.3805826902389526 -0.3880971372127533 
-0.4417864680290222 -0.003067961661145091 -0.22549518942832947 -1.3683109283447266 -0.38963112235069275 
-0.4448544383049011 0.0015339808305725455 -0.2377670258283615 -1.352971076965332 -0.39269909262657166 
-0.4448544383049011 0.004601942375302315 -0.24543693661689758 -1.3406991958618164 -0.3942330777645111 
-0.44792240858078003 0.00920388475060463 -0.2546408176422119 -1.3284274339675903 -0.39576706290245056 
-0.4494563937187195 0.012271846644580364 -0.2653786838054657 -1.3161555528640747 -0.39576706290245056 
-0.4494563937187195 0.015339808538556099 -0.2730485796928406 -1.306951642036438 -0.39730104804039 
-0.452524334192276 0.01840776950120926 -0.28378644585609436 -1.291611909866333 -0.40036898851394653 
-0.45405831933021545 0.023009711876511574 -0.2914563715457916 -1.2793400287628174 -0.4049709439277649 
-0.45405831933021545 0.02761165425181389 -0.30066025257110596 -1.2670681476593018 -0.4080389142036438 
-0.45712628960609436 0.030679617077112198 -0.3098641335964203 -1.2547962665557861 -0.4080389142036438 
-0.45712628960609436 0.03528155758976936 -0.3206019997596741 -1.2409905195236206 -0.4111068546772003 
-0.46172821521759033 0.04448544234037399 -0.3436117172241211 -1.2072429656982422 -0.41724279522895813 
-0.4663301706314087 0.052155349403619766 -0.3604854941368103 -1.182699203491211 -0.42031073570251465 
-0.4663301706314087 0.05522330850362778 -0.3681553900241852 -1.1719613075256348 -0.42031073570251465 
-0.4693981409072876 0.05675728991627693 -0.37582531571388245 -1.1612235307693481 -0.4218447208404541 
-0.4693981409072876 0.058291271328926086 -0.3804272413253784 -1.1581555604934692 -0.42644667625427246 
-0.47093212604522705 0.058291271328926086 -0.38196122646331787 -1.1550875902175903 -0.4279806613922119 
-0.4724660813808441 0.058291271328926086 -0.3804272413253784 -1.1550875902175903 -0.43104860186576843 
-0.47400006651878357 0.058291271328926086 -0.38196122646331787 -1.1596895456314087 -0.4325825870037079 
-0.47400006651878357 0.058291271328926086 -0.38196122646331787 -1.164291501045227 -0.4325825870037079 
-0.475534051656723 0.058291271328926086 -0.38196122646331787 -1.1750292778015137 -0.4325825870037079 
-0.475534051656723 0.058291271328926086 -0.37889325618743896 -1.1873011589050293 -0.4325825870037079 
-0.475534051656723 0.05522330850362778 -0.36968937516212463 -1.2087769508361816 -0.43411657214164734 
-0.4770680367946625 0.04601942375302315 -0.35588353872299194 -1.2225826978683472 -0.4356505572795868 
-0.4770680367946625 0.03834952041506767 -0.3436117172241211 -1.2363885641098022 -0.4356505572795868 
-0.4770680367946625 0.030679617077112198 -0.3298058807849884 -1.2547962665557861 -0.43718454241752625 
-0.4770680367946625 0.02454369328916073 -0.3190680146217346 -1.2716701030731201 -0.43718454241752625 
-0.4770680367946625 0.016873789951205254 -0.30833014845848083 -1.2900779247283936 -0.43718454241752625 
-0.47860202193260193 0.012271846644580364 -0.2960582971572876 -1.306951642036438 -0.43718454241752625 
-0.47860202193260193 0.004601942375302315 -0.28378644585609436 -1.323825478553772 -0.43718454241752625 
-0.47860202193260193 -0.003067961661145091 -0.2715145945549011 -1.339165210723877 -0.4387185275554657 
-0.47860202193260193 -0.00920388475060463 -0.2577087879180908 -1.356039047241211 -0.4387185275554657 
-0.47860202193260193 -0.015339808538556099 -0.24543693661689758 -1.3713788986206055 -0.4387185275554657 
-0.47860202193260193 -0.023009711876511574 -0.2316311001777649 -1.38825261592865 -0.4387185275554657 
-0.4801360070705414 -0.030679617077112198 -0.2178252786397934 -1.4081944227218628 -0.4387185275554657 
-0.4801360070705414 -0.03834952041506767 -0.20555342733860016 -1.4250681400299072 -0.4387185275554657 
-0.4801360070705414 -0.05675728991627693 -0.17794176936149597 -1.461883783340454 -0.44025251269340515 
-0.48166999220848083 -0.06902913749217987 -0.15493206679821014 -1.497165322303772 -0.44025251269340515 
-0.48473793268203735 -0.07516506314277649 -0.1395922601222992 -1.5140390396118164 -0.44332045316696167 
-0.4862719178199768 -0.08130098134279251 -0.12732040882110596 -1.5278449058532715 -0.4463884234428406 
-0.4893398880958557 -0.08590292930603027 -0.11504856497049332 -1.5385828018188477 -0.452524334192276 
-0.4970097839832306 -0.08897088468074799 -0.10431069880723953 -1.5508545637130737 -0.46479618549346924 
-0.5092816352844238 -0.08897088468074799 -0.0951068103313446 -1.5631264448165894 -0.47860202193260193 
-0.52001953125 -0.08897088468074799 -0.08897088468074799 -1.5692623853683472 -0.4924078583717346 
-0.5414952039718628 -0.09050486981868744 -0.0782330259680748 -1.575398325920105 -0.5138835906982422 
-0.5614370107650757 -0.08897088468074799 -0.07056311517953873 -1.5800002813339233 -0.5353593230247498 
-0.5921165943145752 -0.08897088468074799 -0.061359234154224396 -1.5846022367477417 -0.5660389065742493 
-0.6197282671928406 -0.08590292930603027 -0.05522330850362778 -1.5846022367477417 -0.5951845645904541 
-0.644271969795227 -0.08436894416809082 -0.04908738657832146 -1.5846022367477417 -0.6181942820549011 
-0.676485538482666 -0.0782330259680748 -0.04448544234037399 -1.5846022367477417 -0.647339940071106 
-0.7163690328598022 -0.06902913749217987 -0.03834952041506767 -1.5846022367477417 -0.6810874938964844 
-0.7470486760139465 -0.06289321184158325 -0.03221359848976135 -1.5861362218856812 -0.7117670774459839 
-0.7792622447013855 -0.05675728991627693 -0.02454369328916073 -1.5861362218856812 -0.7424467206001282 
-0.8099418878555298 -0.05062136799097061 -0.01840776950120926 -1.5861362218856812 -0.7700583934783936 
-0.8406214714050293 -0.04141748324036598 -0.012271846644580364 -1.5861362218856812 -0.7992039918899536 
-0.8759030699729919 -0.03528155758976936 -0.004601942375302315 -1.5876702070236206 -0.8360195755958557 
-0.905048668384552 -0.029145635664463043 0.0015339808305725455 -1.5876702070236206 -0.8651651740074158 
-0.9357283115386963 -0.023009711876511574 0.0076699042692780495 -1.5876702070236206 -0.8943108320236206 
-0.9633399844169617 -0.015339808538556099 0.013805827125906944 -1.5876702070236206 -0.921922504901886 
-0.9924855828285217 -0.00920388475060463 0.019941750913858414 -1.5876702070236206 -0.951068103313446 
-1.0216312408447266 -0.003067961661145091 0.02761165425181389 -1.5876702070236206 -0.9786797761917114 
-1.0921943187713623 0.012271846644580364 0.04295146465301514 -1.5876702070236206 -1.0492428541183472 
-1.1520196199417114 0.02454369328916073 0.05675728991627693 -1.5876702070236206 -1.1060001850128174 
-1.182699203491211 0.03221359848976135 0.05982525274157524 -1.5876702070236206 -1.1320778131484985 
-1.2103108167648315 0.03681553900241852 0.061359234154224396 -1.5846022367477417 -1.1581555604934692 
-1.2363885641098022 0.04295146465301514 0.061359234154224396 -1.5800002813339233 -1.1780972480773926 
-1.257864236831665 0.05062136799097061 0.06289321184158325 -1.5738643407821655 -1.196505069732666 
-1.2762720584869385 0.05522330850362778 0.06289321184158325 -1.5677284002304077 -1.21491277217865 
-1.294679880142212 0.058291271328926086 0.06289321184158325 -1.558524489402771 -1.228718638420105 
-1.3130875825881958 0.061359234154224396 0.06289321184158325 -1.5477867126464844 -1.2409905195236206 
-1.3222914934158325 0.0644271969795227 0.05982525274157524 -1.5370488166809082 -1.2517284154891968 
-1.3268934488296509 0.06749515980482101 0.04601942375302315 -1.5201749801635742 -1.2593982219696045 
-1.3253594636917114 0.06902913749217987 0.029145635664463043 -1.5048352479934692 -1.260932207107544 
-1.3253594636917114 0.07209710031747818 0.015339808538556099 -1.4910293817520142 -1.2624661922454834 
-1.3253594636917114 0.07516506314277649 -0.003067961661145091 -1.4726215600967407 -1.2670681476593018 
-1.3284274339675903 0.07516506314277649 -0.01840776950120926 -1.4557478427886963 -1.2686021327972412 
-1.3299614191055298 0.0782330259680748 -0.03221359848976135 -1.4388740062713623 -1.2716701030731201 
-1.3314954042434692 0.07976700365543365 -0.0475534051656723 -1.4235341548919678 -1.2732040882110596 
-1.3314954042434692 0.08130098134279251 -0.0644271969795227 -1.4081944227218628 -1.274738073348999 
-1.3314954042434692 0.08436894416809082 -0.07976700365543365 -1.3913205862045288 -1.274738073348999 
-1.3314954042434692 0.08590292930603027 -0.09664079546928406 -1.3759808540344238 -1.2762720584869385 
-1.3314954042434692 0.08743690699338913 -0.11198060214519501 -1.3575730323791504 -1.2793400287628174 
-1.3314954042434692 0.09050486981868744 -0.12732040882110596 -1.3406991958618164 -1.2824079990386963 
-1.3314954042434692 0.0920388475060463 -0.14419420063495636 -1.3253594636917114 -1.2854759693145752 
-1.3314954042434692 0.0951068103313446 -0.16106799244880676 -1.310019612312317 -1.2870099544525146 
-1.3314954042434692 0.09664079546928406 -0.1764077991247177 -1.2931458950042725 -1.2900779247283936 
-1.3330293893814087 0.10277671366930008 -0.2346990704536438 -1.2333205938339233 -1.2992817163467407 
-1.3330293893814087 0.10584467649459839 -0.2485048919916153 -1.2179807424545288 -1.3023496866226196 
-1.3345633745193481 0.1089126393198967 -0.2653786838054657 -1.2026410102844238 -1.310019612312317 
-1.3360973596572876 0.11044661700725555 -0.2761165499687195 -1.1919031143188477 -1.3115535974502563 
-1.3360973596572876 0.11198060214519501 -0.2822524607181549 -1.1842331886291504 -1.3115535974502563 
-1.3360973596572876 0.11198060214519501 -0.2853204309940338 -1.179631233215332 -1.3115535974502563 
-1.3360973596572876 0.11198060214519501 -0.2853204309940338 -1.179631233215332 -1.3130875825881958 
-1.3360973596572876 0.11198060214519501 -0.28685441613197327 -1.182699203491211 -1.3130875825881958 
-1.3360973596572876 0.11198060214519501 -0.2853204309940338 -1.1873011589050293 -1.3130875825881958 
-1.3376312255859375 0.11198060214519501 -0.2853204309940338 -1.196505069732666 -1.3130875825881958 
-1.339165210723877 0.11198060214519501 -0.27765053510665894 -1.211844801902771 -1.3146215677261353 
-1.339165210723877 0.11198060214519501 -0.26384469866752625 -1.2317866086959839 -1.3146215677261353 
-1.339165210723877 0.11198060214519501 -0.24697090685367584 -1.2471264600753784 -1.3146215677261353 
-1.339165210723877 0.11351457983255386 -0.22702915966510773 -1.2640001773834229 -1.3146215677261353 
-1.339165210723877 0.11198060214519501 -0.20862139761447906 -1.2824079990386963 -1.3146215677261353 
-1.339165210723877 0.11198060214519501 -0.18867963552474976 -1.3054176568984985 -1.3146215677261353 
-1.339165210723877 0.11198060214519501 -0.1733398288488388 -1.323825478553772 -1.3146215677261353 
-1.3406991958618164 0.11198060214519501 -0.15493206679821014 -1.3406991958618164 -1.3146215677261353 
-1.3406991958618164 0.11198060214519501 -0.1365242898464203 -1.3591070175170898 -1.3146215677261353 
-1.3406991958618164 0.11198060214519501 -0.11658254265785217 -1.3775148391723633 -1.3146215677261353 
-1.3406991958618164 0.11044661700725555 -0.09970875084400177 -1.3943885564804077 -1.3146215677261353 
-1.3422331809997559 0.11044661700725555 -0.08283496648073196 -1.4127963781356812 -1.3146215677261353 
-1.3422331809997559 0.11044661700725555 -0.06596117466688156 -1.4296700954437256 -1.3146215677261353 
-1.3422331809997559 0.11044661700725555 -0.04908738657832146 -1.448077917098999 -1.3146215677261353 
-1.3422331809997559 0.11044661700725555 -0.03374757990241051 -1.4680196046829224 -1.3146215677261353 
-1.3422331809997559 0.10431069880723953 0.0076699042692780495 -1.5109710693359375 -1.3146215677261353 
-1.3437671661376953 0.09817477315664291 0.04601942375302315 -1.546252727508545 -1.3146215677261353 
-1.3437671661376953 0.0951068103313446 0.06289321184158325 -1.5523885488510132 -1.3146215677261353 
-1.3422331809997559 0.09357283264398575 0.07669904083013535 -1.5523885488510132 -1.3146215677261353 
-1.3345633745193481 0.09050486981868744 0.08743690699338913 -1.5523885488510132 -1.3130875825881958 
-1.3284274339675903 0.08590292930603027 0.0951068103313446 -1.5523885488510132 -1.3008157014846802 
-1.306951642036438 0.07976700365543365 0.09970875084400177 -1.5523885488510132 -1.2839419841766357 
-1.2870099544525146 0.07516506314277649 0.10277671366930008 -1.5539225339889526 -1.2593982219696045 
-1.2593982219696045 0.06749515980482101 0.10277671366930008 -1.555456519126892 -1.2271846532821655 
-1.2164467573165894 0.05982525274157524 0.10124273598194122 -1.555456519126892 -1.1873011589050293 
-1.1520196199417114 0.05062136799097061 0.10124273598194122 -1.555456519126892 -1.1274758577346802 
-1.087592363357544 0.04295146465301514 0.10277671366930008 -1.555456519126892 -1.072252631187439 
-1.0216312408447266 0.03374757990241051 0.10124273598194122 -1.5569905042648315 -1.0139613151550293 
-0.9556700587272644 0.026077674701809883 0.09817477315664291 -1.555456519126892 -0.9572040438652039 
-0.8881748914718628 0.016873789951205254 0.0920388475060463 -1.555456519126892 -0.898912787437439 
-0.8298836350440979 0.00920388475060463 0.08283496648073196 -1.5569905042648315 -0.8375535607337952 
-0.7593204975128174 0.0 0.07056311517953873 -1.5569905042648315 -0.7700583934783936 
-0.6979612708091736 -0.0076699042692780495 0.06289321184158325 -1.555456519126892 -0.7102331519126892 
-0.653475821018219 -0.015339808538556099 0.05522330850362778 -1.5569905042648315 -0.6611457467079163 
-0.5890486240386963 -0.026077674701809883 0.04295146465301514 -1.5569905042648315 -0.5905826091766357 
-0.5338253378868103 -0.03528155758976936 0.03374757990241051 -1.555456519126892 -0.5322913527488708 
-0.48780590295791626 -0.04295146465301514 0.023009711876511574 -1.555456519126892 -0.47093212604522705 
-0.4325825870037079 -0.05368933081626892 0.015339808538556099 -1.5569905042648315 -0.40957286953926086 
-0.38196122646331787 -0.061359234154224396 0.0076699042692780495 -1.555456519126892 -0.3497476279735565 
-0.31753402948379517 -0.07209710031747818 -0.003067961661145091 -1.5569905042648315 -0.28071850538253784 
-0.17180585861206055 -0.09357283264398575 -0.02454369328916073 -1.555456519126892 -0.12425244599580765 
-0.0475534051656723 -0.11044661700725555 -0.03988350182771683 -1.555456519126892 -0.003067961661145091 
0.012271846644580364 -0.11811652034521103 -0.04908738657832146 -1.555456519126892 0.05522330850362778 
0.061359234154224396 -0.12425244599580765 -0.058291271328926086 -1.5523885488510132 0.10737866163253784 
0.10584467649459839 -0.1288543939590454 -0.06902913749217987 -1.5493206977844238 0.1564660519361496 
0.1426602154970169 -0.13192234933376312 -0.0782330259680748 -1.543184757232666 0.19634954631328583 
0.1764077991247177 -0.13345633447170258 -0.09050486981868744 -1.5355148315429688 0.2346990704536438 
0.2040194571018219 -0.13345633447170258 -0.10277671366930008 -1.5278449058532715 0.26384469866752625 
0.22549518942832947 -0.13192234933376312 -0.11351457983255386 -1.5155730247497559 0.2883884012699127 
0.24390295147895813 -0.13345633447170258 -0.1257864236831665 -1.5048352479934692 0.3067961633205414 
0.25310683250427246 -0.13192234933376312 -0.1426602154970169 -1.4879614114761353 0.3221359848976135 
0.2592427730560303 -0.13038836419582367 -0.1533980816602707 -1.4756895303726196 0.32827189564704895 
0.26384469866752625 -0.12732040882110596 -0.16413594782352448 -1.4588158130645752 0.3298058807849884 
0.2684466540813446 -0.11965050548315048 -0.18100973963737488 -1.4388740062713623 0.33594179153442383 
0.2730485796928406 -0.11351457983255386 -0.19481556117534637 -1.4235341548919678 0.34207773208618164 
0.27765053510665894 -0.10584467649459839 -0.20862139761447906 -1.4066604375839233 0.34514567255973816 
0.28378644585609436 -0.09817477315664291 -0.22242721915245056 -1.3897866010665894 0.34821364283561707 
0.2899223864078522 -0.09357283264398575 -0.23623304069042206 -1.372912883758545 0.35128161311149597 
0.29452431201934814 -0.08590292930603027 -0.2485048919916153 -1.356039047241211 0.35588353872299194 
0.30066025257110596 -0.07976700365543365 -0.26384469866752625 -1.339165210723877 0.3604854941368103 
0.30526217818260193 -0.07363107800483704 -0.2761165499687195 -1.323825478553772 0.36508744955062866 
0.3098641335964203 -0.06749515980482101 -0.2899223864078522 -1.306951642036438 0.3681553900241852 
0.31446605920791626 -0.05982525274157524 -0.3021942377090454 -1.2900779247283936 0.3712233603000641 
0.3206019997596741 -0.05368933081626892 -0.3160000443458557 -1.2732040882110596 0.374291330575943 
0.32520392537117004 -0.04448544234037399 -0.32827189564704895 -1.257864236831665 0.3773592710494995 
0.33594179153442383 -0.030679617077112198 -0.35895150899887085 -1.21491277217865 0.38656318187713623 
0.34514567255973816 -0.016873789951205254 -0.38656318187713623 -1.182699203491211 0.3911651074886322 
0.3497476279735565 -0.010737866163253784 -0.40036898851394653 -1.167359471321106 0.3942330777645111 
0.3528155982494354 -0.006135923322290182 -0.4080389142036438 -1.1581555604934692 0.39576706290245056 
0.35895150899887085 -0.003067961661145091 -0.41724279522895813 -1.147417664527893 0.3988350033760071 
0.3635534644126892 -0.0015339808305725455 -0.424912691116333 -1.1397477388381958 0.401902973651886 
0.3666214048862457 -0.0015339808305725455 -0.42644667625427246 -1.1382137537002563 0.40343695878982544 
0.36968937516212463 -0.0015339808305725455 -0.42644667625427246 -1.1382137537002563 0.40650492906570435 
0.3712233603000641 -0.0015339808305725455 -0.42644667625427246 -1.1412817239761353 0.40957286953926086 
0.37275734543800354 -0.003067961661145091 -0.42644667625427246 -1.150485634803772 0.4111068546772003 
0.374291330575943 -0.004601942375302315 -0.42644667625427246 -1.1612235307693481 0.41264083981513977 
0.374291330575943 -0.006135923322290182 -0.424912691116333 -1.1750292778015137 0.41264083981513977 
0.37582531571388245 -0.012271846644580364 -0.4187767803668976 -1.1903691291809082 0.4141748249530792 
0.37582531571388245 -0.01840776950120926 -0.41264083981513977 -1.2026410102844238 0.4141748249530792 
0.3773592710494995 -0.029145635664463043 -0.401902973651886 -1.21491277217865 0.4141748249530792 
0.37889325618743896 -0.03988350182771683 -0.3880971372127533 -1.2363885641098022 0.4141748249530792 
0.37889325618743896 -0.0475534051656723 -0.3773592710494995 -1.2517284154891968 0.4141748249530792 
0.3804272413253784 -0.058291271328926086 -0.3681553900241852 -1.2670681476593018 0.4141748249530792 
0.3804272413253784 -0.0644271969795227 -0.35895150899887085 -1.2824079990386963 0.4157088100910187 
0.38196122646331787 -0.07209710031747818 -0.3497476279735565 -1.2977477312088013 0.4187767803668976 
0.38196122646331787 -0.08283496648073196 -0.33900976181030273 -1.3161555528640747 0.4187767803668976 
0.38196122646331787 -0.0920388475060463 -0.3298058807849884 -1.3284274339675903 0.4187767803668976 
0.38196122646331787 -0.09970875084400177 -0.3206019997596741 -1.3422331809997559 0.4187767803668976 
0.38196122646331787 -0.10737866163253784 -0.31139811873435974 -1.3591070175170898 0.4187767803668976 
0.3834952116012573 -0.11351457983255386 -0.3021942377090454 -1.3759808540344238 0.4187767803668976 
0.3850291967391968 -0.14112623035907745 -0.26691266894340515 -1.4235341548919678 0.42031073570251465 
0.3850291967391968 -0.15186409652233124 -0.25617480278015137 -1.4404079914093018 0.42031073570251465 
0.3850291967391968 -0.1564660519361496 -0.2485048919916153 -1.4496119022369385 0.42031073570251465 
0.3850291967391968 -0.16413594782352448 -0.24083499610424042 -1.4557478427886963 0.42031073570251465 
0.3850291967391968 -0.16873788833618164 -0.2316311001777649 -1.4557478427886963 0.42031073570251465 
0.3834952116012573 -0.17487381398677826 -0.22396120429039001 -1.4465439319610596 0.42031073570251465 
0.3804272413253784 -0.1764077991247177 -0.2178252786397934 -1.434272050857544 0.42031073570251465 
0.374291330575943 -0.1764077991247177 -0.21015536785125732 -1.41586434841156 0.42031073570251465 
0.36508744955062866 -0.1764077991247177 -0.2070874124765396 -1.3897866010665894 0.42031073570251465 
0.35128161311149597 -0.1764077991247177 -0.20555342733860016 -1.356039047241211 0.42031073570251465 
0.33900976181030273 -0.1764077991247177 -0.200951486825943 -1.3192235231399536 0.4141748249530792 
0.3221359848976135 -0.1764077991247177 -0.19941750168800354 -1.2762720584869385 0.4080389142036438 
0.3021942377090454 -0.1764077991247177 -0.19788353145122528 -1.228718638420105 0.401902973651886 
0.2822524607181549 -0.17487381398677826 -0.19481556117534637 -1.179631233215332 0.39269909262657166 
0.26384469866752625 -0.17487381398677826 -0.19328159093856812 -1.1320778131484985 0.3850291967391968 
0.24390295147895813 -0.17180585861206055 -0.19328159093856812 -1.0860583782196045 0.3773592710494995 
0.22396120429039001 -0.1672039031982422 -0.19481556117534637 -1.0385050773620605 0.3712233603000641 
0.2070874124765396 -0.16260196268558502 -0.19328159093856812 -0.9878836274147034 0.3635534644126892 
0.19174760580062866 -0.1595340073108673 -0.19328159093856812 -0.9403302669525146 0.3528155982494354 
0.17794176936149597 -0.15493206679821014 -0.18867963552474976 -0.8927768468856812 0.34207773208618164 
0.16260196268558502 -0.15033012628555298 -0.18254372477531433 -0.8452234268188477 0.3298058807849884 
0.1457281857728958 -0.14879614114761353 -0.17794176936149597 -0.7976700067520142 0.3190680146217346 
0.1257864236831665 -0.14112623035907745 -0.1764077991247177 -0.7393787503242493 0.3067961633205414 
0.11198060214519501 -0.13805827498435974 -0.1764077991247177 -0.7010292410850525 0.2991262674331665 
0.09050486981868744 -0.13192234933376312 -0.1764077991247177 -0.6427379846572876 0.28685441613197327 
